010010000
101000010
010010001
101000011
001000010
101000010
001000011
101000011
010010111
010111010
010001111
101000110
010010001
010111111
000010011
000110000
101000101
010010001
101000000
100101000
010101001
111101100
010001001
101000111
010010000
000011011
000100111
101000011
010010000
000011010
000100111
010000001
101000010
010010000
101000111
100111010
010101011
100000000
010101101
010010000
010010000
000011011
010000001
101000011
010010000
000011010
000110000
101000111
010010000
000011011
010111001
000110000
000011111
101000100
010010000
101000000
100100000
010101100
010010101
010111100
010000000
110000000
010010001
101000000
100101000
010101110
010010000
101000110
010010101
010111101
010001001
110000000
010010101
010000110
010111001
101000110
010010101
010111101
010001001
110000000
010010001
101000000
010111110
101000111
010010000
000011011
000010111
000110000
101000111
010010000
101000000
100111000
010101100
010010101
010111101
010001001
110000000
000011110
010001001
101000110
010010111
010111001
010000000
101000111
100110111
010101010
100000000
010101100
010010001
010111111
010001111
110000000
010010000
000011011
010111001
101000011
010010101
010111100
010000000
110000000
010010001
010010001
101000000
010111111
101000111
010010000
000011010
000010111
000110000
101000111
010010000
101000000
100111000
010101100
010010101
010111101
010001001
110000000
000011110
010001001
101000110
010010110
101000111
100110111
010101010
100000000
010101100
010010101
010111101
010001001
110000000
010010000
000011010
010111001
101000010
010010001
010111111
010001111
110000000
010010000
000011101
010111111
101000001
000011110
010111010
000011001
101000001
010010000
101000101
000011110
010001111
010001111
010001001
010110111
101000111
010010001
101000000
100000111
010101010
100000000
010101010
010010001
101000101
010010111
010111011
010000111
000010011
101000011
010010011
010111100
000010011
010110100
000011001
101000001
010010001
101000000
100000101
010101010
100000000
010101100
010010000
010001100
000010001
101000001
010010011
101000111
010010000
000011001
001001111
010010010
101000111
010010000
000011110
010001111
010001111
010001010
010110111
000110000
101000001
010010001
101000000
100000001
010101110
010010111
010111011
010000100
010111001
010111001
110000000
010010111
010000111
000001110
101000000
000011010
000111000
001001111
010010010
010111111
010001001
110000000
010010000
000011110
010001111
010001111
010001011
101000001
010010000
000011010
000111001
101000000
010010000
000011011
010111100
000011000
001001111
010010000
