010010000
101000011
010010001
101000010
001000010
101000010
001000011
101000011
010010111
010111010
010001110
101000001
010010001
010111111
000010011
000101000
101000101
010010001
101000000
100101000
010101001
111100011
001000111
010111011
010000111
010111010
010000011
101000111
010010000
000011010
000100111
101000010
000011011
000100111
101000011
010010000
000011010
000110000
101000111
010010000
000011011
010111001
000110000
000010111
101000100
010010000
101000000
100100000
010101100
010010100
010111100
010000010
110000000
010010001
101000000
100101000
010101110
010010000
101000110
010010111
010111011
010000100
110000000
010010000
000011001
101000110
010010001
101000000
010111110
101000111
010010000
000011011
101000100
000010111
000101000
101000111
010010000
101000000
100111000
010101100
010010001
010111111
010000001
110000000
000011110
010001001
101000110
010010111
010111001
010000001
101000111
100110111
010101111
010010000
000011011
010111001
010010100
010111100
010001111
110000000
010010001
101000000
010111111
101000111
010010000
000011010
101000100
000010111
000101000
101000111
010010000
101000000
100111000
010101100
010010001
010111111
010000001
110000000
000011110
010001001
101000110
010010111
101000111
100110111
010101100
010010111
010111100
010001101
110000000